(kicad_pcb (version 20171130) (host pcbnew "(5.0.0)")

  (general
    (thickness 1.6)
    (drawings 4)
    (tracks 210)
    (zones 0)
    (modules 32)
    (nets 22)
  )

  (page A4)
  (layers
    (0 F.Cu signal)
    (31 B.Cu signal)
    (36 B.SilkS user)
    (37 F.SilkS user)
    (38 B.Mask user)
    (39 F.Mask user)
    (44 Edge.Cuts user)
    (45 Margin user)
    (46 B.CrtYd user)
    (47 F.CrtYd user)
    (48 B.Fab user)
    (49 F.Fab user)
  )

  (setup
    (last_trace_width 0.254)
    (trace_clearance 0.254)
    (zone_clearance 0.254)
    (zone_45_only no)
    (trace_min 0.2)
    (segment_width 0.2)
    (edge_width 0.15)
    (via_size 0.889)
    (via_drill 0.508)
    (via_min_size 0.4)
    (via_min_drill 0.3)
    (uvia_size 0.3)
    (uvia_drill 0.1)
    (uvias_allowed no)
    (uvia_min_size 0.2)
    (uvia_min_drill 0.1)
    (pcb_text_width 0.3)
    (pcb_text_size 1.5 1.5)
    (mod_edge_width 0.15)
    (mod_text_size 0.6096 0.8128)
    (mod_text_width 0.1524)
    (pad_size 1.524 1.524)
    (pad_drill 0.762)
    (pad_to_mask_clearance 0)
    (aux_axis_origin 154 88)
    (grid_origin 154 88)
    (visible_elements 7FFDFFFF)
    (pcbplotparams
      (layerselection 0x010f0_ffffffff)
      (usegerberextensions true)
      (usegerberattributes false)
      (usegerberadvancedattributes false)
      (creategerberjobfile false)
      (excludeedgelayer true)
      (linewidth 0.100000)
      (plotframeref false)
      (viasonmask false)
      (mode 1)
      (useauxorigin false)
      (hpglpennumber 1)
      (hpglpenspeed 20)
      (hpglpendiameter 15.000000)
      (psnegative false)
      (psa4output false)
      (plotreference true)
      (plotvalue false)
      (plotinvisibletext false)
      (padsonsilk false)
      (subtractmaskfromsilk false)
      (outputformat 1)
      (mirror false)
      (drillshape 0)
      (scaleselection 1)
      (outputdirectory "Gerber_AudioBreakout"))
  )

  (net 0 "")
  (net 1 "Net-(C1-Pad1)")
  (net 2 /LOUT)
  (net 3 /LHPOUT)
  (net 4 "Net-(C2-Pad2)")
  (net 5 "Net-(C3-Pad2)")
  (net 6 /RHPOUT)
  (net 7 /ROUT)
  (net 8 "Net-(C4-Pad1)")
  (net 9 /LIN)
  (net 10 "Net-(C5-Pad2)")
  (net 11 GND)
  (net 12 "Net-(C7-Pad2)")
  (net 13 "Net-(C7-Pad1)")
  (net 14 "Net-(C10-Pad2)")
  (net 15 /RIN)
  (net 16 "Net-(J1-PadR)")
  (net 17 "Net-(J1-PadT)")
  (net 18 /MICIN)
  (net 19 /MICBIAS)
  (net 20 "Net-(J4-PadT)")
  (net 21 "Net-(J4-PadR)")

  (net_class Default "Dies ist die voreingestellte Netzklasse."
    (clearance 0.254)
    (trace_width 0.254)
    (via_dia 0.889)
    (via_drill 0.508)
    (uvia_dia 0.3)
    (uvia_drill 0.1)
    (add_net /LHPOUT)
    (add_net /LIN)
    (add_net /LOUT)
    (add_net /MICBIAS)
    (add_net /MICIN)
    (add_net /RHPOUT)
    (add_net /RIN)
    (add_net /ROUT)
    (add_net GND)
    (add_net "Net-(C1-Pad1)")
    (add_net "Net-(C10-Pad2)")
    (add_net "Net-(C2-Pad2)")
    (add_net "Net-(C3-Pad2)")
    (add_net "Net-(C4-Pad1)")
    (add_net "Net-(C5-Pad2)")
    (add_net "Net-(C7-Pad1)")
    (add_net "Net-(C7-Pad2)")
    (add_net "Net-(J1-PadR)")
    (add_net "Net-(J1-PadT)")
    (add_net "Net-(J4-PadR)")
    (add_net "Net-(J4-PadT)")
  )

  (module connectors:PJ-301CM (layer F.Cu) (tedit 5B767B43) (tstamp 5B8EAA3E)
    (at 160 81)
    (path /5B767809)
    (fp_text reference J2 (at -4.75 -4) (layer F.SilkS)
      (effects (font (size 0.8128 0.6096) (thickness 0.1524)))
    )
    (fp_text value HPOUT (at -5.1 4.9 90) (layer F.Fab)
      (effects (font (size 1 1) (thickness 0.15)))
    )
    (fp_line (start -4 5.7) (end 0 5.7) (layer F.SilkS) (width 0.15))
    (fp_line (start -4 -4.5) (end -4 5.7) (layer F.SilkS) (width 0.15))
    (fp_line (start 4.5 -4.5) (end -4 -4.5) (layer F.SilkS) (width 0.15))
    (fp_line (start 4.5 5.7) (end 4.5 -4.5) (layer F.SilkS) (width 0.15))
    (fp_line (start 0 5.7) (end 4.5 5.7) (layer F.SilkS) (width 0.15))
    (fp_circle (center 0 0) (end 1.5 0) (layer F.SilkS) (width 0.15))
    (pad T thru_hole oval (at 0 4.5 180) (size 3.5 2) (drill oval 2.1 0.7) (layers *.Cu *.Mask)
      (net 4 "Net-(C2-Pad2)"))
    (pad R thru_hole oval (at 0 -3.3) (size 3.5 2) (drill oval 2.1 0.7) (layers *.Cu *.Mask)
      (net 5 "Net-(C3-Pad2)"))
    (pad S thru_hole oval (at 4.4 -0.7 90) (size 3.5 2) (drill oval 2.1 0.7) (layers *.Cu *.Mask)
      (net 11 GND))
  )

  (module connectors:PJ-301CM (layer F.Cu) (tedit 5B767B43) (tstamp 5B8EAA31)
    (at 173 81)
    (path /5B76978A)
    (fp_text reference J1 (at -4.75 -3.75) (layer F.SilkS)
      (effects (font (size 0.8128 0.6096) (thickness 0.1524)))
    )
    (fp_text value LINEOUT (at -5.1 4.9 90) (layer F.Fab)
      (effects (font (size 1 1) (thickness 0.15)))
    )
    (fp_line (start -4 5.7) (end 0 5.7) (layer F.SilkS) (width 0.15))
    (fp_line (start -4 -4.5) (end -4 5.7) (layer F.SilkS) (width 0.15))
    (fp_line (start 4.5 -4.5) (end -4 -4.5) (layer F.SilkS) (width 0.15))
    (fp_line (start 4.5 5.7) (end 4.5 -4.5) (layer F.SilkS) (width 0.15))
    (fp_line (start 0 5.7) (end 4.5 5.7) (layer F.SilkS) (width 0.15))
    (fp_circle (center 0 0) (end 1.5 0) (layer F.SilkS) (width 0.15))
    (pad T thru_hole oval (at 0 4.5 180) (size 3.5 2) (drill oval 2.1 0.7) (layers *.Cu *.Mask)
      (net 17 "Net-(J1-PadT)"))
    (pad R thru_hole oval (at 0 -3.3) (size 3.5 2) (drill oval 2.1 0.7) (layers *.Cu *.Mask)
      (net 16 "Net-(J1-PadR)"))
    (pad S thru_hole oval (at 4.4 -0.7 90) (size 3.5 2) (drill oval 2.1 0.7) (layers *.Cu *.Mask)
      (net 11 GND))
  )

  (module connectors:PJ-301CM (layer F.Cu) (tedit 5B767B43) (tstamp 5B8EBAA1)
    (at 173 46)
    (path /5B7702B5)
    (fp_text reference J4 (at -3.5 -5.5) (layer F.SilkS)
      (effects (font (size 0.8128 0.6096) (thickness 0.1524)))
    )
    (fp_text value LINEIN (at -5.1 4.9 -270) (layer F.Fab)
      (effects (font (size 1 1) (thickness 0.15)))
    )
    (fp_line (start -4 5.7) (end 0 5.7) (layer F.SilkS) (width 0.15))
    (fp_line (start -4 -4.5) (end -4 5.7) (layer F.SilkS) (width 0.15))
    (fp_line (start 4.5 -4.5) (end -4 -4.5) (layer F.SilkS) (width 0.15))
    (fp_line (start 4.5 5.7) (end 4.5 -4.5) (layer F.SilkS) (width 0.15))
    (fp_line (start 0 5.7) (end 4.5 5.7) (layer F.SilkS) (width 0.15))
    (fp_circle (center 0 0) (end 1.5 0) (layer F.SilkS) (width 0.15))
    (pad T thru_hole oval (at 0 4.5 180) (size 3.5 2) (drill oval 2.1 0.7) (layers *.Cu *.Mask)
      (net 20 "Net-(J4-PadT)"))
    (pad R thru_hole oval (at 0 -3.3) (size 3.5 2) (drill oval 2.1 0.7) (layers *.Cu *.Mask)
      (net 21 "Net-(J4-PadR)"))
    (pad S thru_hole oval (at 4.4 -0.7 90) (size 3.5 2) (drill oval 2.1 0.7) (layers *.Cu *.Mask)
      (net 11 GND))
  )

  (module Capacitor_SMD:C_0603_1608Metric (layer F.Cu) (tedit 5B301BBE) (tstamp 5B8EA95D)
    (at 170.2125 72.75 180)
    (descr "Capacitor SMD 0603 (1608 Metric), square (rectangular) end terminal, IPC_7351 nominal, (Body size source: http://www.tortai-tech.com/upload/download/2011102023233369053.pdf), generated with kicad-footprint-generator")
    (tags capacitor)
    (path /5B7683CE)
    (attr smd)
    (fp_text reference C1 (at 0.7125 1.5 180) (layer F.SilkS)
      (effects (font (size 0.8128 0.6096) (thickness 0.1524)))
    )
    (fp_text value 1u (at 0 1.43 180) (layer F.Fab)
      (effects (font (size 1 1) (thickness 0.15)))
    )
    (fp_line (start -0.8 0.4) (end -0.8 -0.4) (layer F.Fab) (width 0.1))
    (fp_line (start -0.8 -0.4) (end 0.8 -0.4) (layer F.Fab) (width 0.1))
    (fp_line (start 0.8 -0.4) (end 0.8 0.4) (layer F.Fab) (width 0.1))
    (fp_line (start 0.8 0.4) (end -0.8 0.4) (layer F.Fab) (width 0.1))
    (fp_line (start -0.162779 -0.51) (end 0.162779 -0.51) (layer F.SilkS) (width 0.12))
    (fp_line (start -0.162779 0.51) (end 0.162779 0.51) (layer F.SilkS) (width 0.12))
    (fp_line (start -1.48 0.73) (end -1.48 -0.73) (layer F.CrtYd) (width 0.05))
    (fp_line (start -1.48 -0.73) (end 1.48 -0.73) (layer F.CrtYd) (width 0.05))
    (fp_line (start 1.48 -0.73) (end 1.48 0.73) (layer F.CrtYd) (width 0.05))
    (fp_line (start 1.48 0.73) (end -1.48 0.73) (layer F.CrtYd) (width 0.05))
    (fp_text user %R (at 0 0 180) (layer F.Fab)
      (effects (font (size 0.4 0.4) (thickness 0.06)))
    )
    (pad 1 smd roundrect (at -0.7875 0 180) (size 0.875 0.95) (layers F.Cu F.Paste F.Mask) (roundrect_rratio 0.25)
      (net 1 "Net-(C1-Pad1)"))
    (pad 2 smd roundrect (at 0.7875 0 180) (size 0.875 0.95) (layers F.Cu F.Paste F.Mask) (roundrect_rratio 0.25)
      (net 2 /LOUT))
    (model ${KISYS3DMOD}/Capacitor_SMD.3dshapes/C_0603_1608Metric.wrl
      (at (xyz 0 0 0))
      (scale (xyz 1 1 1))
      (rotate (xyz 0 0 0))
    )
  )

  (module Capacitor_SMD:CP_Elec_10x10.5 (layer F.Cu) (tedit 5A841F9D) (tstamp 5B8EB901)
    (at 173 64 270)
    (descr "SMT capacitor, aluminium electrolytic, 10x10, Vishay 1010 http://www.vishay.com/docs/28395/150crz.pdf")
    (tags "Capacitor Electrolytic")
    (path /5B76671C)
    (attr smd)
    (fp_text reference C2 (at -6.5 3.5) (layer F.SilkS)
      (effects (font (size 0.8128 0.6096) (thickness 0.1524)))
    )
    (fp_text value 220u (at 0 6.3 270) (layer F.Fab)
      (effects (font (size 1 1) (thickness 0.15)))
    )
    (fp_circle (center 0 0) (end 5 0) (layer F.Fab) (width 0.1))
    (fp_line (start 5.25 -5.25) (end 5.25 5.25) (layer F.Fab) (width 0.1))
    (fp_line (start -4.25 -5.25) (end 5.25 -5.25) (layer F.Fab) (width 0.1))
    (fp_line (start -4.25 5.25) (end 5.25 5.25) (layer F.Fab) (width 0.1))
    (fp_line (start -5.25 -4.25) (end -5.25 4.25) (layer F.Fab) (width 0.1))
    (fp_line (start -5.25 -4.25) (end -4.25 -5.25) (layer F.Fab) (width 0.1))
    (fp_line (start -5.25 4.25) (end -4.25 5.25) (layer F.Fab) (width 0.1))
    (fp_line (start -4.558325 -1.7) (end -3.558325 -1.7) (layer F.Fab) (width 0.1))
    (fp_line (start -4.058325 -2.2) (end -4.058325 -1.2) (layer F.Fab) (width 0.1))
    (fp_line (start 5.36 5.36) (end 5.36 1.51) (layer F.SilkS) (width 0.12))
    (fp_line (start 5.36 -5.36) (end 5.36 -1.51) (layer F.SilkS) (width 0.12))
    (fp_line (start -4.295563 -5.36) (end 5.36 -5.36) (layer F.SilkS) (width 0.12))
    (fp_line (start -4.295563 5.36) (end 5.36 5.36) (layer F.SilkS) (width 0.12))
    (fp_line (start -5.36 4.295563) (end -5.36 1.51) (layer F.SilkS) (width 0.12))
    (fp_line (start -5.36 -4.295563) (end -5.36 -1.51) (layer F.SilkS) (width 0.12))
    (fp_line (start -5.36 -4.295563) (end -4.295563 -5.36) (layer F.SilkS) (width 0.12))
    (fp_line (start -5.36 4.295563) (end -4.295563 5.36) (layer F.SilkS) (width 0.12))
    (fp_line (start -6.85 -2.76) (end -5.6 -2.76) (layer F.SilkS) (width 0.12))
    (fp_line (start -6.225 -3.385) (end -6.225 -2.135) (layer F.SilkS) (width 0.12))
    (fp_line (start 5.5 -5.5) (end 5.5 -1.5) (layer F.CrtYd) (width 0.05))
    (fp_line (start 5.5 -1.5) (end 6.65 -1.5) (layer F.CrtYd) (width 0.05))
    (fp_line (start 6.65 -1.5) (end 6.65 1.5) (layer F.CrtYd) (width 0.05))
    (fp_line (start 6.65 1.5) (end 5.5 1.5) (layer F.CrtYd) (width 0.05))
    (fp_line (start 5.5 1.5) (end 5.5 5.5) (layer F.CrtYd) (width 0.05))
    (fp_line (start -4.35 5.5) (end 5.5 5.5) (layer F.CrtYd) (width 0.05))
    (fp_line (start -4.35 -5.5) (end 5.5 -5.5) (layer F.CrtYd) (width 0.05))
    (fp_line (start -5.5 4.35) (end -4.35 5.5) (layer F.CrtYd) (width 0.05))
    (fp_line (start -5.5 -4.35) (end -4.35 -5.5) (layer F.CrtYd) (width 0.05))
    (fp_line (start -5.5 -4.35) (end -5.5 -1.5) (layer F.CrtYd) (width 0.05))
    (fp_line (start -5.5 1.5) (end -5.5 4.35) (layer F.CrtYd) (width 0.05))
    (fp_line (start -5.5 -1.5) (end -6.65 -1.5) (layer F.CrtYd) (width 0.05))
    (fp_line (start -6.65 -1.5) (end -6.65 1.5) (layer F.CrtYd) (width 0.05))
    (fp_line (start -6.65 1.5) (end -5.5 1.5) (layer F.CrtYd) (width 0.05))
    (fp_text user %R (at 0 0 270) (layer F.Fab)
      (effects (font (size 1 1) (thickness 0.15)))
    )
    (pad 1 smd rect (at -4.2 0 270) (size 4.4 2.5) (layers F.Cu F.Paste F.Mask)
      (net 3 /LHPOUT))
    (pad 2 smd rect (at 4.2 0 270) (size 4.4 2.5) (layers F.Cu F.Paste F.Mask)
      (net 4 "Net-(C2-Pad2)"))
    (model ${KISYS3DMOD}/Capacitor_SMD.3dshapes/CP_Elec_10x10.5.wrl
      (at (xyz 0 0 0))
      (scale (xyz 1 1 1))
      (rotate (xyz 0 0 0))
    )
  )

  (module Capacitor_SMD:CP_Elec_10x10.5 (layer F.Cu) (tedit 5A841F9D) (tstamp 5B8EA9AD)
    (at 160.02 64 270)
    (descr "SMT capacitor, aluminium electrolytic, 10x10, Vishay 1010 http://www.vishay.com/docs/28395/150crz.pdf")
    (tags "Capacitor Electrolytic")
    (path /5B76752E)
    (attr smd)
    (fp_text reference C3 (at -6.5 3.52) (layer F.SilkS)
      (effects (font (size 0.8128 0.6096) (thickness 0.1524)))
    )
    (fp_text value 220u (at 0 6.3 270) (layer F.Fab)
      (effects (font (size 1 1) (thickness 0.15)))
    )
    (fp_text user %R (at -0.5 -0.23 270) (layer F.Fab)
      (effects (font (size 1 1) (thickness 0.15)))
    )
    (fp_line (start -6.65 1.5) (end -5.5 1.5) (layer F.CrtYd) (width 0.05))
    (fp_line (start -6.65 -1.5) (end -6.65 1.5) (layer F.CrtYd) (width 0.05))
    (fp_line (start -5.5 -1.5) (end -6.65 -1.5) (layer F.CrtYd) (width 0.05))
    (fp_line (start -5.5 1.5) (end -5.5 4.35) (layer F.CrtYd) (width 0.05))
    (fp_line (start -5.5 -4.35) (end -5.5 -1.5) (layer F.CrtYd) (width 0.05))
    (fp_line (start -5.5 -4.35) (end -4.35 -5.5) (layer F.CrtYd) (width 0.05))
    (fp_line (start -5.5 4.35) (end -4.35 5.5) (layer F.CrtYd) (width 0.05))
    (fp_line (start -4.35 -5.5) (end 5.5 -5.5) (layer F.CrtYd) (width 0.05))
    (fp_line (start -4.35 5.5) (end 5.5 5.5) (layer F.CrtYd) (width 0.05))
    (fp_line (start 5.5 1.5) (end 5.5 5.5) (layer F.CrtYd) (width 0.05))
    (fp_line (start 6.65 1.5) (end 5.5 1.5) (layer F.CrtYd) (width 0.05))
    (fp_line (start 6.65 -1.5) (end 6.65 1.5) (layer F.CrtYd) (width 0.05))
    (fp_line (start 5.5 -1.5) (end 6.65 -1.5) (layer F.CrtYd) (width 0.05))
    (fp_line (start 5.5 -5.5) (end 5.5 -1.5) (layer F.CrtYd) (width 0.05))
    (fp_line (start -6.225 -3.385) (end -6.225 -2.135) (layer F.SilkS) (width 0.12))
    (fp_line (start -6.85 -2.76) (end -5.6 -2.76) (layer F.SilkS) (width 0.12))
    (fp_line (start -5.36 4.295563) (end -4.295563 5.36) (layer F.SilkS) (width 0.12))
    (fp_line (start -5.36 -4.295563) (end -4.295563 -5.36) (layer F.SilkS) (width 0.12))
    (fp_line (start -5.36 -4.295563) (end -5.36 -1.51) (layer F.SilkS) (width 0.12))
    (fp_line (start -5.36 4.295563) (end -5.36 1.51) (layer F.SilkS) (width 0.12))
    (fp_line (start -4.295563 5.36) (end 5.36 5.36) (layer F.SilkS) (width 0.12))
    (fp_line (start -4.295563 -5.36) (end 5.36 -5.36) (layer F.SilkS) (width 0.12))
    (fp_line (start 5.36 -5.36) (end 5.36 -1.51) (layer F.SilkS) (width 0.12))
    (fp_line (start 5.36 5.36) (end 5.36 1.51) (layer F.SilkS) (width 0.12))
    (fp_line (start -4.058325 -2.2) (end -4.058325 -1.2) (layer F.Fab) (width 0.1))
    (fp_line (start -4.558325 -1.7) (end -3.558325 -1.7) (layer F.Fab) (width 0.1))
    (fp_line (start -5.25 4.25) (end -4.25 5.25) (layer F.Fab) (width 0.1))
    (fp_line (start -5.25 -4.25) (end -4.25 -5.25) (layer F.Fab) (width 0.1))
    (fp_line (start -5.25 -4.25) (end -5.25 4.25) (layer F.Fab) (width 0.1))
    (fp_line (start -4.25 5.25) (end 5.25 5.25) (layer F.Fab) (width 0.1))
    (fp_line (start -4.25 -5.25) (end 5.25 -5.25) (layer F.Fab) (width 0.1))
    (fp_line (start 5.25 -5.25) (end 5.25 5.25) (layer F.Fab) (width 0.1))
    (fp_circle (center 0 0) (end 5 0) (layer F.Fab) (width 0.1))
    (pad 2 smd rect (at 4.2 0 270) (size 4.4 2.5) (layers F.Cu F.Paste F.Mask)
      (net 5 "Net-(C3-Pad2)"))
    (pad 1 smd rect (at -4.2 0 270) (size 4.4 2.5) (layers F.Cu F.Paste F.Mask)
      (net 6 /RHPOUT))
    (model ${KISYS3DMOD}/Capacitor_SMD.3dshapes/CP_Elec_10x10.5.wrl
      (at (xyz 0 0 0))
      (scale (xyz 1 1 1))
      (rotate (xyz 0 0 0))
    )
  )

  (module Capacitor_SMD:C_0603_1608Metric (layer F.Cu) (tedit 5B301BBE) (tstamp 5B8EC403)
    (at 173.5375 72.75 180)
    (descr "Capacitor SMD 0603 (1608 Metric), square (rectangular) end terminal, IPC_7351 nominal, (Body size source: http://www.tortai-tech.com/upload/download/2011102023233369053.pdf), generated with kicad-footprint-generator")
    (tags capacitor)
    (path /5B769275)
    (attr smd)
    (fp_text reference C4 (at 0.5375 1.5 180) (layer F.SilkS)
      (effects (font (size 0.8128 0.6096) (thickness 0.1524)))
    )
    (fp_text value 1u (at 0 1.43 180) (layer F.Fab)
      (effects (font (size 1 1) (thickness 0.15)))
    )
    (fp_text user %R (at 0 0 180) (layer F.Fab)
      (effects (font (size 0.4 0.4) (thickness 0.06)))
    )
    (fp_line (start 1.48 0.73) (end -1.48 0.73) (layer F.CrtYd) (width 0.05))
    (fp_line (start 1.48 -0.73) (end 1.48 0.73) (layer F.CrtYd) (width 0.05))
    (fp_line (start -1.48 -0.73) (end 1.48 -0.73) (layer F.CrtYd) (width 0.05))
    (fp_line (start -1.48 0.73) (end -1.48 -0.73) (layer F.CrtYd) (width 0.05))
    (fp_line (start -0.162779 0.51) (end 0.162779 0.51) (layer F.SilkS) (width 0.12))
    (fp_line (start -0.162779 -0.51) (end 0.162779 -0.51) (layer F.SilkS) (width 0.12))
    (fp_line (start 0.8 0.4) (end -0.8 0.4) (layer F.Fab) (width 0.1))
    (fp_line (start 0.8 -0.4) (end 0.8 0.4) (layer F.Fab) (width 0.1))
    (fp_line (start -0.8 -0.4) (end 0.8 -0.4) (layer F.Fab) (width 0.1))
    (fp_line (start -0.8 0.4) (end -0.8 -0.4) (layer F.Fab) (width 0.1))
    (pad 2 smd roundrect (at 0.7875 0 180) (size 0.875 0.95) (layers F.Cu F.Paste F.Mask) (roundrect_rratio 0.25)
      (net 7 /ROUT))
    (pad 1 smd roundrect (at -0.7875 0 180) (size 0.875 0.95) (layers F.Cu F.Paste F.Mask) (roundrect_rratio 0.25)
      (net 8 "Net-(C4-Pad1)"))
    (model ${KISYS3DMOD}/Capacitor_SMD.3dshapes/C_0603_1608Metric.wrl
      (at (xyz 0 0 0))
      (scale (xyz 1 1 1))
      (rotate (xyz 0 0 0))
    )
  )

  (module Capacitor_SMD:C_0603_1608Metric (layer F.Cu) (tedit 5B301BBE) (tstamp 5B8EA9CF)
    (at 169.7875 35)
    (descr "Capacitor SMD 0603 (1608 Metric), square (rectangular) end terminal, IPC_7351 nominal, (Body size source: http://www.tortai-tech.com/upload/download/2011102023233369053.pdf), generated with kicad-footprint-generator")
    (tags capacitor)
    (path /5B76B0F8)
    (attr smd)
    (fp_text reference C5 (at 0 -1.43) (layer F.SilkS)
      (effects (font (size 0.8128 0.6096) (thickness 0.1524)))
    )
    (fp_text value 1u (at 0 1.43) (layer F.Fab)
      (effects (font (size 1 1) (thickness 0.15)))
    )
    (fp_line (start -0.8 0.4) (end -0.8 -0.4) (layer F.Fab) (width 0.1))
    (fp_line (start -0.8 -0.4) (end 0.8 -0.4) (layer F.Fab) (width 0.1))
    (fp_line (start 0.8 -0.4) (end 0.8 0.4) (layer F.Fab) (width 0.1))
    (fp_line (start 0.8 0.4) (end -0.8 0.4) (layer F.Fab) (width 0.1))
    (fp_line (start -0.162779 -0.51) (end 0.162779 -0.51) (layer F.SilkS) (width 0.12))
    (fp_line (start -0.162779 0.51) (end 0.162779 0.51) (layer F.SilkS) (width 0.12))
    (fp_line (start -1.48 0.73) (end -1.48 -0.73) (layer F.CrtYd) (width 0.05))
    (fp_line (start -1.48 -0.73) (end 1.48 -0.73) (layer F.CrtYd) (width 0.05))
    (fp_line (start 1.48 -0.73) (end 1.48 0.73) (layer F.CrtYd) (width 0.05))
    (fp_line (start 1.48 0.73) (end -1.48 0.73) (layer F.CrtYd) (width 0.05))
    (fp_text user %R (at 0 0) (layer F.Fab)
      (effects (font (size 0.4 0.4) (thickness 0.06)))
    )
    (pad 1 smd roundrect (at -0.7875 0) (size 0.875 0.95) (layers F.Cu F.Paste F.Mask) (roundrect_rratio 0.25)
      (net 9 /LIN))
    (pad 2 smd roundrect (at 0.7875 0) (size 0.875 0.95) (layers F.Cu F.Paste F.Mask) (roundrect_rratio 0.25)
      (net 10 "Net-(C5-Pad2)"))
    (model ${KISYS3DMOD}/Capacitor_SMD.3dshapes/C_0603_1608Metric.wrl
      (at (xyz 0 0 0))
      (scale (xyz 1 1 1))
      (rotate (xyz 0 0 0))
    )
  )

  (module Capacitor_SMD:C_0603_1608Metric (layer F.Cu) (tedit 5B301BBE) (tstamp 5B8EA9E0)
    (at 173.2125 35)
    (descr "Capacitor SMD 0603 (1608 Metric), square (rectangular) end terminal, IPC_7351 nominal, (Body size source: http://www.tortai-tech.com/upload/download/2011102023233369053.pdf), generated with kicad-footprint-generator")
    (tags capacitor)
    (path /5B76AF38)
    (attr smd)
    (fp_text reference C6 (at 0 -1.43) (layer F.SilkS)
      (effects (font (size 0.8128 0.6096) (thickness 0.1524)))
    )
    (fp_text value 220p (at 0 1.43) (layer F.Fab)
      (effects (font (size 1 1) (thickness 0.15)))
    )
    (fp_text user %R (at 0 0) (layer F.Fab)
      (effects (font (size 0.4 0.4) (thickness 0.06)))
    )
    (fp_line (start 1.48 0.73) (end -1.48 0.73) (layer F.CrtYd) (width 0.05))
    (fp_line (start 1.48 -0.73) (end 1.48 0.73) (layer F.CrtYd) (width 0.05))
    (fp_line (start -1.48 -0.73) (end 1.48 -0.73) (layer F.CrtYd) (width 0.05))
    (fp_line (start -1.48 0.73) (end -1.48 -0.73) (layer F.CrtYd) (width 0.05))
    (fp_line (start -0.162779 0.51) (end 0.162779 0.51) (layer F.SilkS) (width 0.12))
    (fp_line (start -0.162779 -0.51) (end 0.162779 -0.51) (layer F.SilkS) (width 0.12))
    (fp_line (start 0.8 0.4) (end -0.8 0.4) (layer F.Fab) (width 0.1))
    (fp_line (start 0.8 -0.4) (end 0.8 0.4) (layer F.Fab) (width 0.1))
    (fp_line (start -0.8 -0.4) (end 0.8 -0.4) (layer F.Fab) (width 0.1))
    (fp_line (start -0.8 0.4) (end -0.8 -0.4) (layer F.Fab) (width 0.1))
    (pad 2 smd roundrect (at 0.7875 0) (size 0.875 0.95) (layers F.Cu F.Paste F.Mask) (roundrect_rratio 0.25)
      (net 10 "Net-(C5-Pad2)"))
    (pad 1 smd roundrect (at -0.7875 0) (size 0.875 0.95) (layers F.Cu F.Paste F.Mask) (roundrect_rratio 0.25)
      (net 11 GND))
    (model ${KISYS3DMOD}/Capacitor_SMD.3dshapes/C_0603_1608Metric.wrl
      (at (xyz 0 0 0))
      (scale (xyz 1 1 1))
      (rotate (xyz 0 0 0))
    )
  )

  (module Capacitor_SMD:C_0603_1608Metric (layer F.Cu) (tedit 5B301BBE) (tstamp 5B8EA9F1)
    (at 163.5 36 90)
    (descr "Capacitor SMD 0603 (1608 Metric), square (rectangular) end terminal, IPC_7351 nominal, (Body size source: http://www.tortai-tech.com/upload/download/2011102023233369053.pdf), generated with kicad-footprint-generator")
    (tags capacitor)
    (path /5B776241)
    (attr smd)
    (fp_text reference C7 (at 0 1.5 90) (layer F.SilkS)
      (effects (font (size 0.8128 0.6096) (thickness 0.1524)))
    )
    (fp_text value 1u (at 0 1.43 90) (layer F.Fab)
      (effects (font (size 1 1) (thickness 0.15)))
    )
    (fp_text user %R (at 0 0 90) (layer F.Fab)
      (effects (font (size 0.4 0.4) (thickness 0.06)))
    )
    (fp_line (start 1.48 0.73) (end -1.48 0.73) (layer F.CrtYd) (width 0.05))
    (fp_line (start 1.48 -0.73) (end 1.48 0.73) (layer F.CrtYd) (width 0.05))
    (fp_line (start -1.48 -0.73) (end 1.48 -0.73) (layer F.CrtYd) (width 0.05))
    (fp_line (start -1.48 0.73) (end -1.48 -0.73) (layer F.CrtYd) (width 0.05))
    (fp_line (start -0.162779 0.51) (end 0.162779 0.51) (layer F.SilkS) (width 0.12))
    (fp_line (start -0.162779 -0.51) (end 0.162779 -0.51) (layer F.SilkS) (width 0.12))
    (fp_line (start 0.8 0.4) (end -0.8 0.4) (layer F.Fab) (width 0.1))
    (fp_line (start 0.8 -0.4) (end 0.8 0.4) (layer F.Fab) (width 0.1))
    (fp_line (start -0.8 -0.4) (end 0.8 -0.4) (layer F.Fab) (width 0.1))
    (fp_line (start -0.8 0.4) (end -0.8 -0.4) (layer F.Fab) (width 0.1))
    (pad 2 smd roundrect (at 0.7875 0 90) (size 0.875 0.95) (layers F.Cu F.Paste F.Mask) (roundrect_rratio 0.25)
      (net 12 "Net-(C7-Pad2)"))
    (pad 1 smd roundrect (at -0.7875 0 90) (size 0.875 0.95) (layers F.Cu F.Paste F.Mask) (roundrect_rratio 0.25)
      (net 13 "Net-(C7-Pad1)"))
    (model ${KISYS3DMOD}/Capacitor_SMD.3dshapes/C_0603_1608Metric.wrl
      (at (xyz 0 0 0))
      (scale (xyz 1 1 1))
      (rotate (xyz 0 0 0))
    )
  )

  (module Capacitor_SMD:C_0603_1608Metric (layer F.Cu) (tedit 5B301BBE) (tstamp 5B8EAA02)
    (at 160.75 35)
    (descr "Capacitor SMD 0603 (1608 Metric), square (rectangular) end terminal, IPC_7351 nominal, (Body size source: http://www.tortai-tech.com/upload/download/2011102023233369053.pdf), generated with kicad-footprint-generator")
    (tags capacitor)
    (path /5B7761CB)
    (attr smd)
    (fp_text reference C8 (at 0 -1.43) (layer F.SilkS)
      (effects (font (size 0.8128 0.6096) (thickness 0.1524)))
    )
    (fp_text value 220p (at 0 1.43) (layer F.Fab)
      (effects (font (size 1 1) (thickness 0.15)))
    )
    (fp_line (start -0.8 0.4) (end -0.8 -0.4) (layer F.Fab) (width 0.1))
    (fp_line (start -0.8 -0.4) (end 0.8 -0.4) (layer F.Fab) (width 0.1))
    (fp_line (start 0.8 -0.4) (end 0.8 0.4) (layer F.Fab) (width 0.1))
    (fp_line (start 0.8 0.4) (end -0.8 0.4) (layer F.Fab) (width 0.1))
    (fp_line (start -0.162779 -0.51) (end 0.162779 -0.51) (layer F.SilkS) (width 0.12))
    (fp_line (start -0.162779 0.51) (end 0.162779 0.51) (layer F.SilkS) (width 0.12))
    (fp_line (start -1.48 0.73) (end -1.48 -0.73) (layer F.CrtYd) (width 0.05))
    (fp_line (start -1.48 -0.73) (end 1.48 -0.73) (layer F.CrtYd) (width 0.05))
    (fp_line (start 1.48 -0.73) (end 1.48 0.73) (layer F.CrtYd) (width 0.05))
    (fp_line (start 1.48 0.73) (end -1.48 0.73) (layer F.CrtYd) (width 0.05))
    (fp_text user %R (at 0 0) (layer F.Fab)
      (effects (font (size 0.4 0.4) (thickness 0.06)))
    )
    (pad 1 smd roundrect (at -0.7875 0) (size 0.875 0.95) (layers F.Cu F.Paste F.Mask) (roundrect_rratio 0.25)
      (net 11 GND))
    (pad 2 smd roundrect (at 0.7875 0) (size 0.875 0.95) (layers F.Cu F.Paste F.Mask) (roundrect_rratio 0.25)
      (net 12 "Net-(C7-Pad2)"))
    (model ${KISYS3DMOD}/Capacitor_SMD.3dshapes/C_0603_1608Metric.wrl
      (at (xyz 0 0 0))
      (scale (xyz 1 1 1))
      (rotate (xyz 0 0 0))
    )
  )

  (module Capacitor_SMD:C_0603_1608Metric (layer F.Cu) (tedit 5B301BBE) (tstamp 5B8EAA13)
    (at 169.7875 37)
    (descr "Capacitor SMD 0603 (1608 Metric), square (rectangular) end terminal, IPC_7351 nominal, (Body size source: http://www.tortai-tech.com/upload/download/2011102023233369053.pdf), generated with kicad-footprint-generator")
    (tags capacitor)
    (path /5B76F363)
    (attr smd)
    (fp_text reference C9 (at 0 1.5) (layer F.SilkS)
      (effects (font (size 0.8128 0.6096) (thickness 0.1524)))
    )
    (fp_text value 1u (at 0 1.43) (layer F.Fab)
      (effects (font (size 1 1) (thickness 0.15)))
    )
    (fp_text user %R (at 0 0) (layer F.Fab)
      (effects (font (size 0.4 0.4) (thickness 0.06)))
    )
    (fp_line (start 1.48 0.73) (end -1.48 0.73) (layer F.CrtYd) (width 0.05))
    (fp_line (start 1.48 -0.73) (end 1.48 0.73) (layer F.CrtYd) (width 0.05))
    (fp_line (start -1.48 -0.73) (end 1.48 -0.73) (layer F.CrtYd) (width 0.05))
    (fp_line (start -1.48 0.73) (end -1.48 -0.73) (layer F.CrtYd) (width 0.05))
    (fp_line (start -0.162779 0.51) (end 0.162779 0.51) (layer F.SilkS) (width 0.12))
    (fp_line (start -0.162779 -0.51) (end 0.162779 -0.51) (layer F.SilkS) (width 0.12))
    (fp_line (start 0.8 0.4) (end -0.8 0.4) (layer F.Fab) (width 0.1))
    (fp_line (start 0.8 -0.4) (end 0.8 0.4) (layer F.Fab) (width 0.1))
    (fp_line (start -0.8 -0.4) (end 0.8 -0.4) (layer F.Fab) (width 0.1))
    (fp_line (start -0.8 0.4) (end -0.8 -0.4) (layer F.Fab) (width 0.1))
    (pad 2 smd roundrect (at 0.7875 0) (size 0.875 0.95) (layers F.Cu F.Paste F.Mask) (roundrect_rratio 0.25)
      (net 14 "Net-(C10-Pad2)"))
    (pad 1 smd roundrect (at -0.7875 0) (size 0.875 0.95) (layers F.Cu F.Paste F.Mask) (roundrect_rratio 0.25)
      (net 15 /RIN))
    (model ${KISYS3DMOD}/Capacitor_SMD.3dshapes/C_0603_1608Metric.wrl
      (at (xyz 0 0 0))
      (scale (xyz 1 1 1))
      (rotate (xyz 0 0 0))
    )
  )

  (module Capacitor_SMD:C_0603_1608Metric (layer F.Cu) (tedit 5B301BBE) (tstamp 5B8EAA24)
    (at 173.2125 37)
    (descr "Capacitor SMD 0603 (1608 Metric), square (rectangular) end terminal, IPC_7351 nominal, (Body size source: http://www.tortai-tech.com/upload/download/2011102023233369053.pdf), generated with kicad-footprint-generator")
    (tags capacitor)
    (path /5B76F35D)
    (attr smd)
    (fp_text reference C10 (at 0 1.5) (layer F.SilkS)
      (effects (font (size 0.8128 0.6096) (thickness 0.1524)))
    )
    (fp_text value 220p (at 0 1.43) (layer F.Fab)
      (effects (font (size 1 1) (thickness 0.15)))
    )
    (fp_line (start -0.8 0.4) (end -0.8 -0.4) (layer F.Fab) (width 0.1))
    (fp_line (start -0.8 -0.4) (end 0.8 -0.4) (layer F.Fab) (width 0.1))
    (fp_line (start 0.8 -0.4) (end 0.8 0.4) (layer F.Fab) (width 0.1))
    (fp_line (start 0.8 0.4) (end -0.8 0.4) (layer F.Fab) (width 0.1))
    (fp_line (start -0.162779 -0.51) (end 0.162779 -0.51) (layer F.SilkS) (width 0.12))
    (fp_line (start -0.162779 0.51) (end 0.162779 0.51) (layer F.SilkS) (width 0.12))
    (fp_line (start -1.48 0.73) (end -1.48 -0.73) (layer F.CrtYd) (width 0.05))
    (fp_line (start -1.48 -0.73) (end 1.48 -0.73) (layer F.CrtYd) (width 0.05))
    (fp_line (start 1.48 -0.73) (end 1.48 0.73) (layer F.CrtYd) (width 0.05))
    (fp_line (start 1.48 0.73) (end -1.48 0.73) (layer F.CrtYd) (width 0.05))
    (fp_text user %R (at 0 0) (layer F.Fab)
      (effects (font (size 0.4 0.4) (thickness 0.06)))
    )
    (pad 1 smd roundrect (at -0.7875 0) (size 0.875 0.95) (layers F.Cu F.Paste F.Mask) (roundrect_rratio 0.25)
      (net 11 GND))
    (pad 2 smd roundrect (at 0.7875 0) (size 0.875 0.95) (layers F.Cu F.Paste F.Mask) (roundrect_rratio 0.25)
      (net 14 "Net-(C10-Pad2)"))
    (model ${KISYS3DMOD}/Capacitor_SMD.3dshapes/C_0603_1608Metric.wrl
      (at (xyz 0 0 0))
      (scale (xyz 1 1 1))
      (rotate (xyz 0 0 0))
    )
  )

  (module Connector_PinHeader_2.54mm:PinHeader_2x05_P2.54mm_Vertical (layer B.Cu) (tedit 59FED5CC) (tstamp 5B8EB7D7)
    (at 171.45 27.94 90)
    (descr "Through hole straight pin header, 2x05, 2.54mm pitch, double rows")
    (tags "Through hole pin header THT 2x05 2.54mm double row")
    (path /5B7669C0)
    (fp_text reference J3 (at -0.56 2.55 90) (layer B.SilkS)
      (effects (font (size 0.8128 0.6096) (thickness 0.1524)) (justify mirror))
    )
    (fp_text value AUEXT (at 1.27 -12.49 90) (layer B.Fab)
      (effects (font (size 1 1) (thickness 0.15)) (justify mirror))
    )
    (fp_line (start 0 1.27) (end 3.81 1.27) (layer B.Fab) (width 0.1))
    (fp_line (start 3.81 1.27) (end 3.81 -11.43) (layer B.Fab) (width 0.1))
    (fp_line (start 3.81 -11.43) (end -1.27 -11.43) (layer B.Fab) (width 0.1))
    (fp_line (start -1.27 -11.43) (end -1.27 0) (layer B.Fab) (width 0.1))
    (fp_line (start -1.27 0) (end 0 1.27) (layer B.Fab) (width 0.1))
    (fp_line (start -1.33 -11.49) (end 3.87 -11.49) (layer B.SilkS) (width 0.12))
    (fp_line (start -1.33 -1.27) (end -1.33 -11.49) (layer B.SilkS) (width 0.12))
    (fp_line (start 3.87 1.33) (end 3.87 -11.49) (layer B.SilkS) (width 0.12))
    (fp_line (start -1.33 -1.27) (end 1.27 -1.27) (layer B.SilkS) (width 0.12))
    (fp_line (start 1.27 -1.27) (end 1.27 1.33) (layer B.SilkS) (width 0.12))
    (fp_line (start 1.27 1.33) (end 3.87 1.33) (layer B.SilkS) (width 0.12))
    (fp_line (start -1.33 0) (end -1.33 1.33) (layer B.SilkS) (width 0.12))
    (fp_line (start -1.33 1.33) (end 0 1.33) (layer B.SilkS) (width 0.12))
    (fp_line (start -1.8 1.8) (end -1.8 -11.95) (layer B.CrtYd) (width 0.05))
    (fp_line (start -1.8 -11.95) (end 4.35 -11.95) (layer B.CrtYd) (width 0.05))
    (fp_line (start 4.35 -11.95) (end 4.35 1.8) (layer B.CrtYd) (width 0.05))
    (fp_line (start 4.35 1.8) (end -1.8 1.8) (layer B.CrtYd) (width 0.05))
    (fp_text user %R (at 1.27 -5.08) (layer B.Fab)
      (effects (font (size 1 1) (thickness 0.15)) (justify mirror))
    )
    (pad 1 thru_hole rect (at 0 0 90) (size 1.7 1.7) (drill 1) (layers *.Cu *.Mask)
      (net 11 GND))
    (pad 2 thru_hole oval (at 2.54 0 90) (size 1.7 1.7) (drill 1) (layers *.Cu *.Mask)
      (net 11 GND))
    (pad 3 thru_hole oval (at 0 -2.54 90) (size 1.7 1.7) (drill 1) (layers *.Cu *.Mask)
      (net 18 /MICIN))
    (pad 4 thru_hole oval (at 2.54 -2.54 90) (size 1.7 1.7) (drill 1) (layers *.Cu *.Mask)
      (net 3 /LHPOUT))
    (pad 5 thru_hole oval (at 0 -5.08 90) (size 1.7 1.7) (drill 1) (layers *.Cu *.Mask)
      (net 19 /MICBIAS))
    (pad 6 thru_hole oval (at 2.54 -5.08 90) (size 1.7 1.7) (drill 1) (layers *.Cu *.Mask)
      (net 6 /RHPOUT))
    (pad 7 thru_hole oval (at 0 -7.62 90) (size 1.7 1.7) (drill 1) (layers *.Cu *.Mask)
      (net 9 /LIN))
    (pad 8 thru_hole oval (at 2.54 -7.62 90) (size 1.7 1.7) (drill 1) (layers *.Cu *.Mask)
      (net 2 /LOUT))
    (pad 9 thru_hole oval (at 0 -10.16 90) (size 1.7 1.7) (drill 1) (layers *.Cu *.Mask)
      (net 15 /RIN))
    (pad 10 thru_hole oval (at 2.54 -10.16 90) (size 1.7 1.7) (drill 1) (layers *.Cu *.Mask)
      (net 7 /ROUT))
    (model ${KISYS3DMOD}/Connector_PinHeader_2.54mm.3dshapes/PinHeader_2x05_P2.54mm_Vertical.wrl
      (at (xyz 0 0 0))
      (scale (xyz 1 1 1))
      (rotate (xyz 0 0 0))
    )
  )

  (module connectors:THONKICONN (layer F.Cu) (tedit 581CBB09) (tstamp 5B8EAFDC)
    (at 160 46)
    (path /5B77EB64)
    (fp_text reference J5 (at 4 -7 180) (layer F.SilkS)
      (effects (font (size 0.8128 0.6096) (thickness 0.1524)))
    )
    (fp_text value MICIN (at 0 -7) (layer F.Fab)
      (effects (font (size 1 1) (thickness 0.15)))
    )
    (fp_circle (center 0 0) (end 2.5 0) (layer F.SilkS) (width 0.15))
    (fp_line (start 2 7) (end 2 4.5) (layer F.SilkS) (width 0.15))
    (fp_line (start -2 7) (end 2 7) (layer F.SilkS) (width 0.15))
    (fp_line (start -2 4.5) (end -2 7) (layer F.SilkS) (width 0.15))
    (fp_line (start 4.5 -6) (end -0.5 -6) (layer F.SilkS) (width 0.15))
    (fp_line (start 4.5 4.5) (end 4.5 -6) (layer F.SilkS) (width 0.15))
    (fp_line (start -4.5 4.5) (end 4.5 4.5) (layer F.SilkS) (width 0.15))
    (fp_line (start -4.5 -6) (end -4.5 4.5) (layer F.SilkS) (width 0.15))
    (fp_line (start 0 -6) (end -4.5 -6) (layer F.SilkS) (width 0.15))
    (pad "" np_thru_hole circle (at 0 0) (size 3 3) (drill 3) (layers *.Cu *.Mask))
    (pad 3 thru_hole oval (at 0 6.48) (size 3 2.3) (drill 1.3) (layers *.Cu *.Mask)
      (net 11 GND))
    (pad 2 thru_hole oval (at 0 3.38) (size 3 2.3) (drill 1.5) (layers *.Cu *.Mask)
      (net 11 GND))
    (pad 1 thru_hole oval (at 0 -4.92) (size 3 2.3) (drill 1.5) (layers *.Cu *.Mask)
      (net 12 "Net-(C7-Pad2)"))
  )

  (module Resistor_SMD:R_0603_1608Metric (layer F.Cu) (tedit 5B301BBD) (tstamp 5B8EAA8D)
    (at 173.5375 74.5)
    (descr "Resistor SMD 0603 (1608 Metric), square (rectangular) end terminal, IPC_7351 nominal, (Body size source: http://www.tortai-tech.com/upload/download/2011102023233369053.pdf), generated with kicad-footprint-generator")
    (tags resistor)
    (path /5B768504)
    (attr smd)
    (fp_text reference R1 (at -0.7875 1.25) (layer F.SilkS)
      (effects (font (size 0.8128 0.6096) (thickness 0.1524)))
    )
    (fp_text value 100 (at 0 1.43) (layer F.Fab)
      (effects (font (size 1 1) (thickness 0.15)))
    )
    (fp_text user %R (at 0 0) (layer F.Fab)
      (effects (font (size 0.4 0.4) (thickness 0.06)))
    )
    (fp_line (start 1.48 0.73) (end -1.48 0.73) (layer F.CrtYd) (width 0.05))
    (fp_line (start 1.48 -0.73) (end 1.48 0.73) (layer F.CrtYd) (width 0.05))
    (fp_line (start -1.48 -0.73) (end 1.48 -0.73) (layer F.CrtYd) (width 0.05))
    (fp_line (start -1.48 0.73) (end -1.48 -0.73) (layer F.CrtYd) (width 0.05))
    (fp_line (start -0.162779 0.51) (end 0.162779 0.51) (layer F.SilkS) (width 0.12))
    (fp_line (start -0.162779 -0.51) (end 0.162779 -0.51) (layer F.SilkS) (width 0.12))
    (fp_line (start 0.8 0.4) (end -0.8 0.4) (layer F.Fab) (width 0.1))
    (fp_line (start 0.8 -0.4) (end 0.8 0.4) (layer F.Fab) (width 0.1))
    (fp_line (start -0.8 -0.4) (end 0.8 -0.4) (layer F.Fab) (width 0.1))
    (fp_line (start -0.8 0.4) (end -0.8 -0.4) (layer F.Fab) (width 0.1))
    (pad 2 smd roundrect (at 0.7875 0) (size 0.875 0.95) (layers F.Cu F.Paste F.Mask) (roundrect_rratio 0.25)
      (net 1 "Net-(C1-Pad1)"))
    (pad 1 smd roundrect (at -0.7875 0) (size 0.875 0.95) (layers F.Cu F.Paste F.Mask) (roundrect_rratio 0.25)
      (net 17 "Net-(J1-PadT)"))
    (model ${KISYS3DMOD}/Resistor_SMD.3dshapes/R_0603_1608Metric.wrl
      (at (xyz 0 0 0))
      (scale (xyz 1 1 1))
      (rotate (xyz 0 0 0))
    )
  )

  (module Resistor_SMD:R_0603_1608Metric (layer F.Cu) (tedit 5B301BBD) (tstamp 5B8EAA9E)
    (at 170.2125 74.5 180)
    (descr "Resistor SMD 0603 (1608 Metric), square (rectangular) end terminal, IPC_7351 nominal, (Body size source: http://www.tortai-tech.com/upload/download/2011102023233369053.pdf), generated with kicad-footprint-generator")
    (tags resistor)
    (path /5B768483)
    (attr smd)
    (fp_text reference R2 (at 2.4625 0 180) (layer F.SilkS)
      (effects (font (size 0.8128 0.6096) (thickness 0.1524)))
    )
    (fp_text value 47k (at 0 1.43 180) (layer F.Fab)
      (effects (font (size 1 1) (thickness 0.15)))
    )
    (fp_line (start -0.8 0.4) (end -0.8 -0.4) (layer F.Fab) (width 0.1))
    (fp_line (start -0.8 -0.4) (end 0.8 -0.4) (layer F.Fab) (width 0.1))
    (fp_line (start 0.8 -0.4) (end 0.8 0.4) (layer F.Fab) (width 0.1))
    (fp_line (start 0.8 0.4) (end -0.8 0.4) (layer F.Fab) (width 0.1))
    (fp_line (start -0.162779 -0.51) (end 0.162779 -0.51) (layer F.SilkS) (width 0.12))
    (fp_line (start -0.162779 0.51) (end 0.162779 0.51) (layer F.SilkS) (width 0.12))
    (fp_line (start -1.48 0.73) (end -1.48 -0.73) (layer F.CrtYd) (width 0.05))
    (fp_line (start -1.48 -0.73) (end 1.48 -0.73) (layer F.CrtYd) (width 0.05))
    (fp_line (start 1.48 -0.73) (end 1.48 0.73) (layer F.CrtYd) (width 0.05))
    (fp_line (start 1.48 0.73) (end -1.48 0.73) (layer F.CrtYd) (width 0.05))
    (fp_text user %R (at 0 0 180) (layer F.Fab)
      (effects (font (size 0.4 0.4) (thickness 0.06)))
    )
    (pad 1 smd roundrect (at -0.7875 0 180) (size 0.875 0.95) (layers F.Cu F.Paste F.Mask) (roundrect_rratio 0.25)
      (net 1 "Net-(C1-Pad1)"))
    (pad 2 smd roundrect (at 0.7875 0 180) (size 0.875 0.95) (layers F.Cu F.Paste F.Mask) (roundrect_rratio 0.25)
      (net 11 GND))
    (model ${KISYS3DMOD}/Resistor_SMD.3dshapes/R_0603_1608Metric.wrl
      (at (xyz 0 0 0))
      (scale (xyz 1 1 1))
      (rotate (xyz 0 0 0))
    )
  )

  (module Resistor_SMD:R_0603_1608Metric (layer F.Cu) (tedit 5B301BBD) (tstamp 5B8EAAAF)
    (at 176.4625 54.75)
    (descr "Resistor SMD 0603 (1608 Metric), square (rectangular) end terminal, IPC_7351 nominal, (Body size source: http://www.tortai-tech.com/upload/download/2011102023233369053.pdf), generated with kicad-footprint-generator")
    (tags resistor)
    (path /5B766775)
    (attr smd)
    (fp_text reference R3 (at 0 -1.43) (layer F.SilkS)
      (effects (font (size 0.8128 0.6096) (thickness 0.1524)))
    )
    (fp_text value 47k (at 0 1.43) (layer F.Fab)
      (effects (font (size 1 1) (thickness 0.15)))
    )
    (fp_line (start -0.8 0.4) (end -0.8 -0.4) (layer F.Fab) (width 0.1))
    (fp_line (start -0.8 -0.4) (end 0.8 -0.4) (layer F.Fab) (width 0.1))
    (fp_line (start 0.8 -0.4) (end 0.8 0.4) (layer F.Fab) (width 0.1))
    (fp_line (start 0.8 0.4) (end -0.8 0.4) (layer F.Fab) (width 0.1))
    (fp_line (start -0.162779 -0.51) (end 0.162779 -0.51) (layer F.SilkS) (width 0.12))
    (fp_line (start -0.162779 0.51) (end 0.162779 0.51) (layer F.SilkS) (width 0.12))
    (fp_line (start -1.48 0.73) (end -1.48 -0.73) (layer F.CrtYd) (width 0.05))
    (fp_line (start -1.48 -0.73) (end 1.48 -0.73) (layer F.CrtYd) (width 0.05))
    (fp_line (start 1.48 -0.73) (end 1.48 0.73) (layer F.CrtYd) (width 0.05))
    (fp_line (start 1.48 0.73) (end -1.48 0.73) (layer F.CrtYd) (width 0.05))
    (fp_text user %R (at 0.0375 -0.25) (layer F.Fab)
      (effects (font (size 0.4 0.4) (thickness 0.06)))
    )
    (pad 1 smd roundrect (at -0.7875 0) (size 0.875 0.95) (layers F.Cu F.Paste F.Mask) (roundrect_rratio 0.25)
      (net 4 "Net-(C2-Pad2)"))
    (pad 2 smd roundrect (at 0.7875 0) (size 0.875 0.95) (layers F.Cu F.Paste F.Mask) (roundrect_rratio 0.25)
      (net 11 GND))
    (model ${KISYS3DMOD}/Resistor_SMD.3dshapes/R_0603_1608Metric.wrl
      (at (xyz 0 0 0))
      (scale (xyz 1 1 1))
